22222202222222022222202102022222202222222202222220222222222222222202222222222222
22002220022222222222021022022210022222222202222220121222222222222222202222220222
22220222222021122222222122222222222222222222222222222222222222222222222200222222
22222222220201222222022222222222022222201222222222222222222022222212222222222222
21210222222220222222221222222122222222222222220222222222222222112221022222222222
02112202220202222222220222222012022222222222222222222222122222222222222220220222
22202222222202222021222222222222222202222222222220222022222222222222221220222222
00022222222212222221021222222222222222212222221222222202222221221212222220222222
22122220222222222222222222122222222222212201222222222222221212102222220022222222
22022222220222222222222222222222222222222222122202212022122222222222202202222222
22222222222222222222222222222122122222022222222222022222122222122222222202222222
02222222222222222221222222122222220222122220122222222022222222122222202222222222
22222222222222222221221222211222222222220220220222010222222222022222211202222222
22222222202222220222222212221220202222222221222220222222202222222222222222220222
22222222212201222022222222222202102212221212222222222222222101022222222222222220
22222202222222122202212212022222202222202202222222222222222222222212222222222222
22022222022222222202120121222222222222222222222222011222222222222222202220222222
22221222022120120222222222222122122222212222222222222222022222222222212200222202
22222222222222220222001222222222222222202102222220222222222222222212222222022202
22211222222221222221221222222022222222222222222222222222222122102220222222222222
12122102220212222222220222222111022222222222222220222022222222220222022022022222
22222222212202222021222222222222222222222222222222222022210222222222221212211222
01222222222202222222120222222222222222222222222222222212220222221222222222222221
22122221202222222222222222022222222222212201222012222222220202002102220212222222
22222222210122222221222222222022212202222222022222222002022222222222202212222021
22222222222222220222222222222022202220022222222202022121122222122222222222222220
01222222202222222220222022122222222222122022122222222122222122022222222222222222
22222212222222222222221022220222122222021210201222010222222222222222210112222221
22222222222221222222222212220222210202222222222222220222222222222222222222221222
22222222202200222112222222221222222212220112222222220222222021222222212222222222
22222222222222222212222022102222212222222222222120222222222222222202222222222220
22122220022212222212020221222222222222222202222222222222222122222222212222220222
22221222022121020222222122222022122222212222222222222222222222222222202201220102
22122222221222210222201222222222222222222002222221222222222122202222222222122212
21201212222222222222221222222122222222222222220222222222222022112210222202222202
22212222222222222222220222220221222222212222222220222022122222221222222022021021
22212222222202222120222222222222222222222222222221221222022222122222121211200222
21222222222222222220002222222022222222212220220222222202222222212221222221222221
22222221222222222222222222122222222222202210220122222222220202012002220122222222
22122222121121222222222222222122222222222222022222212212012222202222212202222221
22222222222222220222222222222122212221022202222212122020122210020222222212222200
02012222212222222222222022222222221222022120221121222022222022122221202222222222
22222202222222222220201002010222022222022220201220211202222222022222111110222221
22222222212222220222222212221221202221202221222221222222222022222222222222221222
22222222202101120112222222220212112122222122022222220222221022102222212222222220
22202212222222222222212222222022222222222212222020222222222222222222222222222222
21010220222212222202122122122102020222222202222201201022222022222222222221222222
22220222222220021122222022222022222222202222222222222222122222222222212210020202
22022222022210222222102202222220222222211101222221222222222122212202222222122202
22200222212221222221220222212222222222222222222222222222222020012220222212222222
02122222210112122222201222221000112222212222222220222222122222221222122122221221
22202222202222222220222222222222222202222222222222200202000222022222220212220220
20120222222022222222101122222222222222201221221222222202220221201201222221222221
22122220222222222222222202022222222222202102121112221222222212212222210102022222
22022222122200222222222222222102212212222222022202202112022022212222212202222122
22222222222222220222222222222121101210222222222222122222122111220222222022222222
11002222212222222220222122022222220222022020021221222022222022022221222222222222
22220222222222222222210212001222122222122200210222111222222220022222210010222221
22222222221221222222222202222222220220202221222222222222222122222222222222020222
22222222212021012122220222221222002012220222212222220222220110222222212222222221
12212202222222222202222012112012202220222212222122222222222222220202222222222220
22100202222202222222222221222222220222222012222221121122222122222222201221220222
22222222222221020021122222222022122222202222222222222222122222222222202211111212
22120222222220200222211210222222222222212102222221222222222122221212222222022212
20220200221221222222222222222122222222222222221222222222222220021022022222022222
12012012222022222222210222221012012222202222222221122002022222221222122121220220
22202220202202222221222222222222222212222022222220201100021222022222120211220220
22122122222002222221110022222022222222200220122222222202221221222221210220222021
22222222202222222222222222122221222202202201220212220222221222202202212202022222
22122222110202222221222222222102220222222222122212212222022222212221212212222121
22222222222222221222202222222121002202022222122202020022222000122022222112222212
12212222202222222222222222122222222222122221221122122222212222022222222222222222
22221212222222222222212210111222221222022200202220100221222220122222222022222221
22222222221220122222122222222220222211222221222221220222202222222222222222222222
20222202222020012112220212222212012112212112112222202222220200202222012222222222
22201222220222022202202202102222222221222222222021222222222222222202222122220222
20210000122212222202221120222200020022222002222211111122221022222222201220220222
22220222022220021021122222202122122220212222222222222222222220222212222010102002
22020222121212212220011221222211222222010202222212222222222012201202222222122212
22212211211222222222221222212222222222222222220222202222122221220020222222222202
02202002211212002222211222222200222222002222222222122102122202211221122122121021
22212222212212222020222222222222222212222222220222221120221222121222121210212220
12022122021011222220120122221122222222201221220222222202201220210212210220222121
22222220212222222222222211022222222222022112211102121202221222112102212202222202
11122222021102222210222222222012221202221221222212222222212012202222202202222120
22222222222222222222212222021022202022121122022212221220122002222122022010222220
20012222112222222220022112122212210220222221120220122022222022022201212222222022
22221012222222220212202102001222221222020211200221100220222220212202021122222211
22222222222201220222222122212222200220210220222021222222202102222221222222001222
22222212002002000102020212222222222102211112102202022222220202112222002220222222
02202222020220222022212122102122212221222222221120022222222222221202222222221222
22120021120012220222220021222101020122021210221221111122221022202222212221020222
12201220122220022221022022202022022200200222222122222201022221222012102202101112
02121202021222200222211210222211222212212201222200222222222222111222220221122202
21202201212220222021221222112022222220222222202222212221020122112002222022221202
22202222200202112212011202021101122222022220222221220202222222200221022121120121
22222221212222222021022222202222221212222122221220200201012201222222021220221222
21120022020012122200002122221022202222201222121222122112210222211210221022222120
22222222220222222022222221122220222212122210202222012222221202100102221202212202
00120222121100222221222020222222200202121222122202212022112211222220222202202021
22222220222222200222212222122020211222021102020202222201222011220222120211222222
20222222022220222221122022020202201221222020120021002022202122220100211222222122
22220112222022202201201122022211221212020221112221002200221221020212012211222211
22212022220210220212222222202222212211202021222022220201122202222222222222020222
22222022102121002122101222222212110112201102002212021222120200022222202222222221
22202222222221222102222102222202222222202212210221122122022222220222222022221202
21010120122022200212120210222200121122020021021210000222221122212222200200222222
02211221222020021221212222222222220222222222220022222210122222222012212122000002
20221222122211102222102201220202212202012122222222220020222102220202021221222222
22212211212121212120221211122222202221222222222222202221220222111221021002011202
02001202210202112202121222121022222222222210212121121102122202222220222120020221
01222122212212122010222122022222222002222022201201211221121202122102221211012222
12121022221210020212011022222222102020221211221202222022201221210202212020202220
22021202000222220222222220222222222212002221102122020200121212222012212112002222
00012212102021222222222222222122012222120220122022212102002022202221202202010210
02222211222222221222222222221020000012221122202202121211022112021022120021022221
10202222002222202122022222021212202221022222021122202220202022121121200220222022
22220202222022202212202200102221120022121202010220010210220211111022010021222211
22002120211222122222222002221221220221202022202120202212020102202211202222012222
22222202112021120002101201121202010112221202102212220112222022022222212202222222
02010222020222022212222222012011202121202022200122222102122122222122222222200211
21111011222022220212021110122020222122121010201202112022220122202022212202221212
02210222022122221222202221202021022122120221221222222202122220222002222112212112
22222112222211112222221221222210202202012012222211220120212112222202221221122022
22211211202122202121221210111202202212222222121222212220020222202201122222020202
12102112200212202202020001122122222222222212202022020112122212200222022121122220
01222221212102220211022122002022222222222222212200222222220200020122220221011221
11221222220020012212101222220022002120200210221222122112202222202212202021002220
21121111022222120220222220222221222202112212200102011221020202020212220122022222
22211202222110222210221221202102222112220221222012212102022001202020222022010000
22222222222222111222222222120120102112221222202222021022122201022022122011112220
00122222222221222020022112222202221222122121020022222010222220020021001222012122
22221202222122210211200101111221221122022221112201111221222200010212211001222221
22122122210222110202022202210222211212212101202021220220210202222121202222212222
21222112022220121202221210021222221102200212112212121102220222202222002202202021
12011102120220222222222122002122201020212022010222122121102122222022220022200200
21121200222222001202222121120222220122122112000202110122220222222122201210012222
02222222122221122222120012212220220221102222210122212201122211222212202020010122
11222022120202120211022200221212002202101000222201220221222012111002221220122002
20212211211001222122210221102112201021222222120222022201020221010000021222000222
12222012210102122222120210120211012222202201212222021022221222212221122022222021
21202220212212022220022210112122220112220022202201211112122212121212022202221220
02220222121120121221001122220222100222202221022222222122202222200222210122022122
22021111021220121221202221122222220002002100011002102202022002112202010202102202
12120102111211222222221100212102010202020220122012212012112212121221212112222210
22201201202222222222112110010120120102120122011212122202021012222022221212202212
21012222012222202220122020120202201222122222021120010000202122020001001220220121
22221022220020021021221020101210201012021210112202011212222210002012111200222220
22111021212200101212222102200220200211201001222220220212111012202100202222211222
11201201202212001002122121021212100212102202122202202201121200122222022221102220
02120222121222022122202202222122210021202012020111222000222022222112222022210102
20122111021011122200121112020000120222121011020212220222202222002022222211122202
12212222122121122221002220212021221102220221012220212222022212212200212111221012
20211002122211202202212202222221022102211022222121220222202122121002022220022222
20222200201010002020211210211002222022222022211222102100002021210200221100010222
12100112011002212212112022021210212220212202012020021021121212222220222220021120
02121122212112121022022010112121222022220121201201221021001220100102010212001222
12120122222210001200010222200222121021202011201222022212201220220211212002002120
12022002100220111222222220222210210021102021110002011101222202020022101012212202
22010222001020222020221220112222012222101221122222222202102200110022221012112201
12211221222122111022112120111020201021220120220220121021121111121220221101111210
12102222102201020120012012220022211221022121121122121212212022122110112222022120
11221101222020021020220201101202101002120221011222000200210212121212121222222202
22202022211021200222222002222222212222211020112122201202201122220212221122022122
02220120012102011222102220222022210112021102202012120010020022222222202202110221
11002102110210122222202222222002210221200122012200122012122010221222221021110002
20210110121202102210221120122122120022120200111201100022201122220120201221110210
01111220222220012121222122212121020212100222021022212202202211202112112112201002
12212122220222110212100211201202211002111021222200220110012012221022022000122012
20212121202102122020212200201122202100210022011222212002202220210221221110022220
02022012111002222002021121222212002221022210211220220102222101200221122021010121
12102021222222212200122011212112222222220220101210210010001221022122211201022212
12121220222011200212010222220122021222202021220202101222201222210020211100012120
22020102200220220222112222012212202010112022121012011102121022111012121102100222
12201212220000222002221020102022221002112112022012202021222020120221211102121212
12220210222022210022002111022220102100220102022220122120221110120220021220122212
21212222122220102222010100222111011220022120011222201011202211020200001222222120
22220122221220222012220000022200001010220210221210012222222221210112021202222102
22101200202110200222022222210222220002212222202220211221111122212220211122221122
20202120002000001002220211200020120212021212001022011221020221122222212210102121
10010222010002222002221200022212121220201101022012122121122010222201222020222000
20000102220100210012021212221102122001120001201221112022001122002102210111022222
01202220022121110022002010222102210212120222212121102012222200201020022212000212
10101112222202202201000202102200221222101202221120220020222000120222111212122202
20020221212211202102200110021212200020220020010222012102212220211212022212211000
22120002001222010112212010121020202201022202110021100020200012021110100000212101
10012000022121120212110222000200102011101102102220111201100001120101011100021010
2000112120100201110001110112221020202000
